1:
electric: 105 108 303 411 414 504 508 513
lady: 304 400 401 403 404 405 406 407 408 501 502 503 504 505 601 701 704 707
road: 103 105 108 204 205 304 412 414 604 709 710 802
2:
electric: 102 103 300 306 307 308 309 400 401 402 403 404 405 406 408 413 415 500 501 505 506 509 510 600 603 604 605 607 801
lady: 402 409 410 411 414 415 500 510 512 514 602 702 802
road: 107 303 400 402 404 405 410 416 502 504 601 605 703 704 711
3:
electric: 305 502 503
lady: 204 300 302 416 507 508 516 605
road: 300 301 415 603 705
4:
electric: 100 200 304 702
lady: 107 511
road: 102 417 500 506 602 700 701 706 707
5:
electric: 106 109 202 514 515 516 517 518 608 700 701 703
lady: 104 105 106 203 413 518 703
road: 202 203 401 403 407 413 501 508 509 510 511 512 513 514 515 516 517 606 800 801
6:
electric: 101 205 301 407
lady: 109 200 509 513 606 607 608 609 610 611 612 613 614 615 616 617 700 705 706 800 801
road: 101 607 608 609 610 611 612 613 614 615 616 617 702 708
7:
electric: 204 302 412 511 601 609 704 705 706 707 708 709 710 711 712 713 714 715 716 717 718 719 802
lady: 101 108 205 301 303 506 515 603 604 708 709 710 711 712 713 714 715 716 717 718 719
road: 106 712 713 714 715 716 717 718 719
8:
electric: 107 201 203 409 410 507 512 602 606 800
lady: 201 412
road: 100 104 109 200 201 302 408 411
9:
electric: 104
lady: 100 102 103 202 517 600
road: 406 409 503 505 507 600
1705393